Enter input file: Product Matrix:
-33110 -14957 -7106 -5470 4805 16898 6363 1950 -5983 -9695 -20189 12736 3487 -10108 -3216 -935 
-397 -21668 -10061 842 -11413 6805 -14110 16223 -4226 -1543 -2300 17643 4546 -4885 20984 321 
-5605 978 6286 -4450 -12567 -7682 -7298 -11099 22382 -14704 -12686 12261 7764 -12548 -17385 20053 
-5793 -15512 8462 4433 2328 633 15329 -13960 -11122 7169 16824 -379 5068 -2637 3342 -13429 
10136 -1419 -711 25154 -18424 15914 2437 2318 17637 18242 -11182 16263 -1314 -25391 -10800 21218 
-11198 -26522 37652 1671 9101 7223 -4038 -4800 -2097 968 -24829 977 12770 -25711 -28078 -5134 
6053 -6414 21173 -2391 22636 629 -8921 3309 -27537 -12349 -17794 -14080 1565 25139 -13815 -35048 
19845 -13773 -4193 14556 -6913 6781 -16049 5787 -10843 -6354 -15285 8105 -4815 -14862 -1983 12004 
-3644 -6142 18726 -7531 6995 -1215 13062 -594 1782 -1786 -8410 -22162 338 3413 -20448 910 
-3096 -3454 -5929 -24744 -4735 -8752 -10043 13374 -1800 -18228 -587 -14414 -18168 18225 12937 -8262 
8636 -8908 -11318 -20730 -9665 -22299 -8492 -18753 2375 -12799 1103 10193 11553 -7164 -9443 -2462 
-6101 -25826 -15802 10247 -3802 16189 30347 2533 -14244 5388 6483 2753 -1785 3677 -6424 -21933 
26473 6432 8077 5476 -6875 -11060 -514 10280 279 -6664 6383 -20648 -15599 11737 -15325 4197 
2255 -8101 -22495 -1522 9641 25491 1242 11482 -11112 -14579 -12100 -4211 -13536 5684 22655 -7980 
1826 -10003 -22380 7380 -39922 7986 5764 9830 16496 -1588 14239 3098 -18821 6158 22732 21627 
14138 6145 -160 26298 -27756 6438 -4098 8380 18411 6665 2828 16024 -6132 -10210 5874 32228 

